-27.8013 -24.0406 -0.4882
27.8013 -24.0406 -0.4882
27.8013 25.0842 -0.4882
-27.8013 25.0842 -0.4882
-27.8013 -24.0406 39.0494
27.8013 -24.0406 39.0494
27.8013 25.0842 39.0494
-27.8013 25.0842 39.0494
17.7038 11.3742 -39.0494
25.2147 11.3742 -39.0494
25.2147 22.0451 -39.0494
17.7038 22.0451 -39.0494
17.7038 11.3742 -0.4924
25.2147 11.3742 -0.4924
25.2147 22.0451 -0.4924
17.7038 22.0451 -0.4924
-24.7328 11.3742 -39.0494
-17.2219 11.3742 -39.0494
-17.2219 22.0451 -39.0494
-24.7328 22.0451 -39.0494
-24.7328 11.3742 -0.4924
-17.2219 11.3742 -0.4924
-17.2219 22.0451 -0.4924
-24.7328 22.0451 -0.4924
-24.7197 -24.7992 -39.0494
-17.2219 -24.7992 -39.0494
-17.2219 -18.6517 -39.0494
-24.7197 -18.6517 -39.0494
-24.7197 -24.7992 -0.4924
-17.2219 -24.7992 -0.4924
-17.2219 -18.6517 -0.4924
-24.7197 -18.6517 -0.4924
17.7038 -24.7992 -39.0494
25.2016 -24.7992 -39.0494
25.2016 -18.6517 -39.0494
17.7038 -18.6517 -39.0494
17.7038 -24.7992 -0.4924
25.2016 -24.7992 -0.4924
25.2016 -18.6517 -0.4924
17.7038 -18.6517 -0.4924
