-17.1630 -6.1045 26.1781
16.9336 -6.1045 26.2688
16.7035 -2.1045 25.9300
-16.8712 -2.1045 25.8406
20.9443 -6.1045 22.2795
21.0522 -6.1046 -18.3059
20.8210 -2.1046 -18.2036
20.7142 -2.1045 21.9406
17.0629 -6.1046 -22.3165
-17.0337 -6.1046 -22.4073
-16.7431 -2.1045 -22.3035
16.8316 -2.1045 -22.2142
-21.0443 -6.1046 -18.4179
-21.1523 -6.1046 22.1675
-20.8606 -2.1045 21.8300
-20.7538 -2.1046 -18.3142
-17.1523 -6.1045 22.1781
-17.0443 -6.1046 -18.4073
17.0523 -6.1046 -18.3166
16.9443 -6.1046 22.2689
-16.7538 -2.1046 -18.3035
-16.8606 -2.1046 21.8407
16.7142 -2.1045 21.9300
16.8210 -2.1046 -18.2142
20.9336 -6.1045 26.2795
20.7035 -2.1045 25.9406
-20.8712 -2.1045 25.8300
-21.1630 -6.1045 26.1675
-21.0337 -6.1046 -22.4179
-20.7431 -2.1046 -22.3142
20.8316 -2.1046 -22.2036
21.0629 -6.1046 -22.3059
16.8417 33.7789 -25.9879
16.8523 33.7789 -29.9879
-16.7224 33.7789 -30.0772
-16.7331 33.7789 -26.0773
-22.0231 -33.7789 -21.8950
-22.0124 -33.7789 -25.8950
-18.0124 -33.7789 -25.8844
-18.0231 -33.7789 -21.8844
-18.1504 -33.7789 25.9810
-18.1611 -33.7789 29.9810
-22.1611 -33.7789 29.9704
-22.1504 -33.7789 25.9704
22.0231 -33.7789 26.0879
22.0124 -33.7789 30.0879
18.0124 -33.7789 30.0772
18.0231 -33.7789 26.0773
18.1504 -33.7789 -21.7882
18.1611 -33.7789 -25.7882
22.1611 -33.7789 -25.7775
22.1504 -33.7789 -21.7775
-20.7224 33.7789 -30.0879
-20.7331 33.7789 -26.0879
20.8417 33.7789 -25.9773
20.8523 33.7789 -29.9773
20.8419 15.8371 -26.0904
20.8313 15.8371 -22.0904
16.8420 15.8371 -26.1011
-16.7328 15.8371 -26.1904
-20.7328 15.8371 -26.2010
-20.7434 15.8371 -22.2010
-16.7434 15.8371 -22.1904
16.8313 15.8371 -22.1011